4	0.002632179620763186
5	0.001847143601385603
7	0.001847143601385603
9	0.004779630247542777
10	0.004779630247542777
11	0.001847143601385603
12	0.004779630247542777
14	0.004987287678895932
15	0.004779630247542777
16	0.006905409316218484
17	0.0049872876788959325
19	0.004781942597885856
20	0.004779630247542777
21	0.004779630247542777
22	0.006117316893104383
23	0.002676640406033778
24	0.001847143601385603
25	0.001847143601385603
29	0.001847143601385603
30	0.004779630247542777
31	0.003417215640140767
32	0.01931523462352464
34	0.001847143601385602
35	0.0024132797854917775
37	0.004779630247542777
38	0.001847143601385603
39	0.001847143601385603
40	0.004779630247542777
41	0.005551180708998209
42	0.001847143601385603
44	0.001847143601385603
45	0.004779630247542777
46	0.005915605643408417
47	0.001847143601385603
48	0.007444639688046711
49	0.001847143601385603
50	0.004779630247542777
52	0.004779630247542777
53	0.001847143601385603
54	0.001847143601385603
55	0.003417215640140768
56	0.004779630247542777
57	0.002844985651620918
58	0.0026186940628410357
59	0.0024132797854917775
60	0.006963355659411229
63	0.004779630247542777
65	0.001847143601385603
66	0.004779630247542777
70	0.001847143601385603
72	0.001847143601385603
73	0.004779630247542777
74	0.0026321796207631853
75	0.001847143601385603
77	0.0066692515412703325
80	0.2863487037423096
81	0.02178495463550425
85	0.001847143601385603
86	0.009230718780636667
87	0.020970120656628358
88	0.001847143601385603
89	0.001847143601385603
90	0.004779630247542777
91	0.004779630247542777
92	0.0024132797854917775
93	0.004779630247542777
94	0.006669251541270337
95	0.0037367648951131625
97	0.0024132797854917775
98	0.001847143601385603
99	0.0028727875016640544
100	0.004779630247542777
101	0.004779630247542777
102	0.001847143601385603
103	0.001847143601385603
105	0.006831149937233323
106	0.003184830246947211
107	0.001847143601385603
108	0.0034172156401407684
109	0.0034172156401407684
110	0.004779630247542777
111	0.004779630247542777
112	0.005551180708998209
113	0.004779630247542777
115	0.0024132797854917775
116	0.0080402385601185
117	0.0026186940628410357
118	0.001847143601385603
119	0.001847143601385603
120	0.001847143601385602
121	0.004779630247542778
122	0.005345766431648953
123	0.001847143601385603
124	0.0069468136977525585
125	0.001847143601385603
127	0.0024132797854917775
128	0.001847143601385603
129	0.005551180708998209
130	0.004779630247542777
131	0.001847143601385603
132	0.001847143601385603
133	0.00534576643164895
134	0.001847143601385603
135	0.005609127052190952
137	0.0026186940628410357
138	0.004779630247542777
139	0.004779630247542777
140	0.0024132797854917775
141	0.001847143601385603
142	0.001847143601385603
143	0.004779630247542777
144	0.004779630247542777
145	0.007538709445422288
146	0.0024132797854917775
147	0.004779630247542777
148	0.001847143601385603
149	0.001847143601385603
150	0.005551180708998209
152	0.004779630247542777
153	0.008312400482795758
156	0.00534576643164895
157	0.001847143601385603
160	0.006117316893104383
161	0.0026186940628410357
162	0.001847143601385603
163	0.001847143601385603
165	0.001847143601385603
167	0.003417215640140768
168	0.005159865961853465
169	0.004779630247542777
170	0.008217522562672504
171	0.00534576643164895
172	0.001847143601385603
173	0.001847143601385603
174	0.004779630247542778
175	0.001847143601385602
176	0.001847143601385603
177	0.0024132797854917775
178	0.001847143601385603
179	0.004779630247542777
180	0.007602700398688756
181	0.004779630247542777
182	0.001847143601385603
183	0.001847143601385603
184	0.004779630247542777
185	0.004779630247542777
186	0.004779630247542777
187	0.0026186940628410357
190	0.001847143601385603
191	0.00534576643164895
192	0.001847143601385603
193	0.004779630247542777
194	0.004779630247542777
196	0.006831149937233323
197	0.003417215640140768
198	0.0024132797854917775
199	0.004779630247542778
200	0.001847143601385602
201	0.005777472297778092
202	0.004779630247542777
203	0.004779630247542777
204	0.004779630247542777
205	0.004779630247542777
206	0.001847143601385603
208	0.0026321796207631853
209	0.001847143601385603
210	0.0026186940628410357
211	0.002632179620763186
213	0.006265013753127148
214	0.001847143601385603
216	0.004779630247542777
218	0.001847143601385603
219	0.0033325271069699755
220	0.001847143601385603
221	0.004779630247542777
223	0.0026186940628410357
224	0.004779630247542777
225	0.001847143601385603
226	0.004779630247542778
227	0.0026186940628410357
